# Array shape: (10, 40)
1.00   
1.00   
0.00   
0.00   
1.00   
0.00   
1.00   
1.00   
0.00   
1.00   
0.00   
0.00   
0.00   
0.00   
1.00   
0.00   
0.00   
0.00   
0.00   
0.00   
0.00   
1.00   
0.00   
0.00   
0.00   
0.00   
0.00   
0.00   
1.00   
1.00   
1.00   
0.00   
1.00   
1.00   
-1.00  
0.00   
0.00   
0.00   
1.00   
0.00   
# New user
1.00   
1.00   
0.00   
0.00   
1.00   
0.00   
1.00   
1.00   
0.00   
1.00   
0.00   
1.00   
0.00   
0.00   
0.00   
0.00   
0.00   
0.00   
0.00   
0.00   
0.00   
1.00   
0.00   
0.00   
0.00   
0.00   
0.00   
0.00   
1.00   
1.00   
1.00   
0.00   
1.00   
1.00   
-1.00  
0.00   
0.00   
0.00   
1.00   
0.00   
# New user
1.00   
0.00   
1.00   
1.00   
0.00   
1.00   
0.00   
1.00   
1.00   
0.00   
0.00   
0.00   
1.00   
0.00   
0.00   
0.00   
0.00   
0.00   
0.00   
0.00   
0.00   
1.00   
0.00   
0.00   
0.00   
0.00   
0.00   
1.00   
0.00   
1.00   
1.00   
0.00   
1.00   
1.00   
205.00 
57.00  
0.00   
0.00   
1.00   
0.00   
# New user
1.00   
1.00   
0.00   
0.00   
1.00   
0.00   
1.00   
1.00   
0.00   
1.00   
1.00   
0.00   
0.00   
0.00   
0.00   
0.00   
0.00   
0.00   
0.00   
0.00   
0.00   
1.00   
0.00   
0.00   
0.00   
0.00   
0.00   
0.00   
1.00   
1.00   
1.00   
0.00   
1.00   
1.00   
-1.00  
0.00   
0.00   
0.00   
1.00   
0.00   
# New user
1.00   
1.00   
0.00   
0.00   
1.00   
0.00   
1.00   
1.00   
0.00   
1.00   
0.00   
0.00   
0.00   
0.00   
0.00   
0.00   
0.00   
1.00   
0.00   
0.00   
0.00   
1.00   
0.00   
0.00   
0.00   
0.00   
0.00   
0.00   
1.00   
1.00   
1.00   
0.00   
1.00   
1.00   
-1.00  
0.00   
0.00   
0.00   
1.00   
0.00   
# New user
1.00   
1.00   
0.00   
0.00   
1.00   
0.00   
1.00   
1.00   
0.00   
1.00   
0.00   
0.00   
0.00   
0.00   
0.00   
0.00   
0.00   
0.00   
0.00   
1.00   
0.00   
1.00   
0.00   
0.00   
0.00   
0.00   
0.00   
0.00   
1.00   
1.00   
1.00   
0.00   
1.00   
1.00   
-1.00  
0.00   
0.00   
0.00   
1.00   
0.00   
# New user
1.00   
1.00   
0.00   
0.00   
1.00   
0.00   
1.00   
1.00   
0.00   
1.00   
0.00   
0.00   
0.00   
1.00   
0.00   
0.00   
0.00   
0.00   
0.00   
0.00   
0.00   
1.00   
0.00   
0.00   
0.00   
0.00   
1.00   
0.00   
0.00   
1.00   
1.00   
1.00   
0.00   
1.00   
-1.00  
2.00   
0.00   
0.00   
1.00   
0.00   
# New user
1.00   
1.00   
0.00   
0.00   
1.00   
0.00   
1.00   
1.00   
0.00   
1.00   
0.00   
0.00   
0.00   
0.00   
0.00   
0.00   
1.00   
0.00   
0.00   
0.00   
0.00   
1.00   
0.00   
0.00   
0.00   
0.00   
0.00   
0.00   
1.00   
1.00   
1.00   
0.00   
1.00   
1.00   
-1.00  
0.00   
0.00   
0.00   
1.00   
0.00   
# New user
1.00   
1.00   
0.00   
0.00   
1.00   
0.00   
1.00   
1.00   
0.00   
1.00   
0.00   
0.00   
0.00   
0.00   
0.00   
0.00   
0.00   
0.00   
1.00   
0.00   
0.00   
1.00   
0.00   
0.00   
0.00   
0.00   
0.00   
0.00   
1.00   
1.00   
1.00   
0.00   
1.00   
1.00   
-1.00  
0.00   
0.00   
0.00   
1.00   
0.00   
# New user
1.00   
1.00   
0.00   
0.00   
1.00   
0.00   
1.00   
1.00   
0.00   
1.00   
0.00   
0.00   
0.00   
0.00   
0.00   
1.00   
0.00   
0.00   
0.00   
0.00   
0.00   
1.00   
0.00   
0.00   
0.00   
0.00   
0.00   
0.00   
1.00   
1.00   
1.00   
0.00   
1.00   
1.00   
-1.00  
0.00   
0.00   
0.00   
1.00   
0.00   
# New user
